10 
10 
10 
10 
10 
10 
10 
10 
10 
10 
10 
10 
10 
10 
10 
10 
10 
10 
10 
10 
10 
10 
10 
10 
10 
10 
11 12 
2 7 
3 6 
11 12 
11 12 
11 12 
2 7 
3 6 
11 12 
11 12 
11 12 
11 12 
3 6 
3 6 
11 12 
11 12 
11 12 
11 12 
5 
5 
11 12 
5 
5 
5 
5 
5 
1 9 
13 
5 
5 
1 9 
1 9 
1 9 
1 9 
1 9 
1 9 
1 9 
1 9 
1 9 
1 9 
4 
4 
1 9 
1 9 
1 9 
1 9 
4 
4 
4 
4 
4 
4 
4 
4 
4 
4 
4 
4 
4 
4 
4 
4 
4 
4 
4 
4 
4 
4 
4 
4 
4 
4 
4 
4 
4 
4 
4 
4 
0 8 
0 8 
0 8 
0 8 
0 8 
0 8 
4 
0 8 
0 8 
0 8 
