10 
10 
10 
10 
10 
10 
10 
10 
10 
10 
10 
10 
10 
10 
10 
10 
10 
10 
10 
10 
10 
10 
10 
10 
10 
10 
2 7 
10 
11 12 
11 12 
11 12 
3 6 
11 12 
2 7 
11 12 
3 6 
3 6 
3 6 
11 12 
2 7 
11 12 
11 12 
3 6 
11 12 
11 12 
11 12 
11 12 
11 12 
5 
5 
5 
5 
5 
5 
5 
5 
5 
5 
5 
5 
1 9 
14 
14 
5 
1 9 
1 9 
1 9 
1 9 
1 9 
1 9 
1 9 
1 9 
1 9 
1 9 
1 9 
4 
1 9 
1 9 
1 9 
1 9 
4 
4 
4 
4 
4 
4 
4 
4 
4 
4 
4 
4 
4 
4 
4 
4 
4 
4 
4 
4 
4 
4 
4 
4 
4 
4 
4 
4 
4 
4 
4 
4 
0 8 
0 8 
0 8 
0 8 
4 
4 
4 
4 
13 
0 8 
0 8 
0 8 
0 8 
0 8 
0 8 
